t,x,y
0.0,0.0,5.0
0.02,0.02,4.998038
0.04,0.04,4.992152
0.06,0.06,4.982342
0.08,0.08,4.968608
0.1,0.1,4.95095
0.12,0.12000000000000001,4.929367999999999
0.14,0.14,4.903861999999999
0.16,0.16,4.874432
0.18,0.18,4.8410779999999995
0.2,0.19999999999999998,4.8038
0.22,0.21999999999999997,4.762598
0.24,0.23999999999999996,4.717472
0.26,0.25999999999999995,4.668422
0.28,0.27999999999999997,4.615448
0.3,0.3,4.558549999999999
0.32,0.32,4.4977279999999995
0.34,0.34,4.432981999999999
0.36,0.36000000000000004,4.364311999999999
0.38,0.38000000000000006,4.2917179999999995
0.4,0.4000000000000001,4.215199999999999
0.42000000000000004,0.4200000000000001,4.134758
0.44000000000000006,0.4400000000000001,4.0503919999999995
0.46,0.46000000000000013,3.9621019999999993
0.48000000000000004,0.48000000000000015,3.8698879999999996
0.5,0.5000000000000001,3.7737499999999997
0.52,0.5200000000000001,3.673688
0.54,0.5400000000000001,3.569702
0.56,0.5600000000000002,3.461792
0.5800000000000001,0.5800000000000002,3.349958
0.6000000000000001,0.6000000000000002,3.2342
0.62,0.6200000000000002,3.114518
0.64,0.6400000000000002,2.990912
0.66,0.6600000000000003,2.8633819999999996
0.68,0.6800000000000003,2.7319279999999995
0.7,0.7000000000000003,2.5965499999999992
0.72,0.7200000000000003,2.457247999999999
0.74,0.7400000000000003,2.314021999999999
0.76,0.7600000000000003,2.1668719999999992
0.78,0.7800000000000004,2.0157979999999993
0.8,0.8000000000000004,1.8607999999999993
0.8200000000000001,0.8200000000000004,1.7018779999999993
0.8400000000000001,0.8400000000000004,1.5390319999999993
0.8600000000000001,0.8600000000000004,1.3722619999999992
0.8800000000000001,0.8800000000000004,1.201567999999999
0.9,0.9000000000000005,1.026949999999999
0.92,0.9200000000000005,0.8589270343999991
0.9400000000000001,0.9400000000000005,0.7472472940754336
0.9600000000000001,0.9600000000000005,0.7318891831086347
0.9800000000000001,0.9800000000000005,0.8148270843674018
1.0,1.0000000000000004,0.9607830097667804
1.02,1.0200000000000005,1.119577536622589
1.04,1.0400000000000005,1.2744480634783977
1.06,1.0600000000000005,1.4253945903342062
1.08,1.0800000000000005,1.5724171171900148
1.1,1.1000000000000005,1.7155156440458232
1.12,1.1200000000000006,1.8546901709016317
1.14,1.1400000000000006,1.9899406977574403
1.16,1.1600000000000006,2.121267224613249
1.18,1.1800000000000006,2.2486697514690572
1.2,1.2000000000000006,2.372148278324866
1.22,1.2200000000000006,2.4917028051806747
1.24,1.2400000000000007,2.6073333320364833
1.26,1.2600000000000007,2.719039858892292
1.28,1.2800000000000007,2.8268223857481005
1.3,1.3000000000000007,2.930680912603909
1.32,1.3200000000000007,3.0306154394597176
1.34,1.3400000000000007,3.126625966315526
1.36,1.3600000000000008,3.2187124931713345
1.38,1.3800000000000008,3.306875020027143
1.4,1.4000000000000008,3.391113546882951
1.42,1.4200000000000008,3.4714280737387595
1.44,1.4400000000000008,3.5478186005945678
1.46,1.4600000000000009,3.6202851274503765
1.48,1.4800000000000009,3.688827654306185
1.5,1.5000000000000009,3.7534461811619937
1.52,1.520000000000001,3.8141407080178023
1.54,1.540000000000001,3.8709112348736108
1.56,1.560000000000001,3.9237577617294193
1.5799999999999998,1.580000000000001,3.9726802885852277
1.5999999999999999,1.600000000000001,4.0176788154410366
1.62,1.620000000000001,4.058753342296845
1.64,1.640000000000001,4.095903869152654
1.66,1.660000000000001,4.129130396008462
1.68,1.680000000000001,4.158432922864271
1.7,1.700000000000001,4.183811449720079
1.72,1.720000000000001,4.2052659765758875
1.74,1.740000000000001,4.222796503431696
1.76,1.7600000000000011,4.236403030287504
1.78,1.7800000000000011,4.246085557143313
1.8,1.8000000000000012,4.251844083999121
1.82,1.8200000000000012,4.253678610854929
1.84,1.8400000000000012,4.251589137710738
1.86,1.8600000000000012,4.245575664566546
1.88,1.8800000000000012,4.235638191422355
1.9,1.9000000000000012,4.221776718278163
1.92,1.9200000000000013,4.203991245133972
1.94,1.9400000000000013,4.18228177198978
1.96,1.9600000000000013,4.156648298845589
1.98,1.9800000000000013,4.127090825701397
2.0,2.0000000000000013,4.0936093525572055
2.02,2.0200000000000014,4.0562038794130135
2.04,2.0400000000000014,4.014874406268822
2.06,2.0600000000000014,3.9696209331246304
2.08,2.0800000000000014,3.9204434599804387
2.1,2.1000000000000014,3.867341986836247
2.12,2.1200000000000014,3.8103165136920554
2.14,2.1400000000000015,3.7493670405478636
2.16,2.1600000000000015,3.6844935674036723
2.18,2.1800000000000015,3.615696094259481
2.2,2.2000000000000015,3.5429746211152895
2.22,2.2200000000000015,3.466329147971098
2.24,2.2400000000000015,3.3857596748269065
2.2600000000000002,2.2600000000000016,3.301266201682715
2.2800000000000002,2.2800000000000016,3.2128487285385234
2.3000000000000003,2.3000000000000016,3.120507255394332
2.3200000000000003,2.3200000000000016,3.02424178225014
2.3400000000000003,2.3400000000000016,2.9240523091059485
2.3600000000000003,2.3600000000000017,2.8199388359617568
2.3800000000000003,2.3800000000000017,2.711901362817565
2.4000000000000004,2.4000000000000017,2.599939889673373
2.42,2.4200000000000017,2.484054416529182
2.44,2.4400000000000017,2.3642449433849904
2.46,2.4600000000000017,2.240511470240799
2.48,2.4800000000000018,2.1128539970966074
2.5,2.5000000000000018,1.9812725239524158
2.52,2.520000000000002,1.8457670508082242
2.54,2.540000000000002,1.7063375776640326
2.56,2.560000000000002,1.562984104519841
2.58,2.580000000000002,1.4157066313756492
2.6,2.600000000000002,1.2645051582314577
2.62,2.620000000000002,1.1093796850872661
2.64,2.640000000000002,0.9503302119430745
2.66,2.660000000000002,0.8146285963785855
2.68,2.680000000000002,0.7507223265578552
2.7,2.700000000000002,0.7799220187522871
2.72,2.720000000000002,0.8874790842398602
2.74,2.740000000000002,1.0295986037688953
2.7600000000000002,2.760000000000002,1.1713408407215755
2.7800000000000002,2.780000000000002,1.3091590776742557
2.8000000000000003,2.800000000000002,1.443053314626936
2.82,2.820000000000002,1.5730235515796163
2.84,2.840000000000002,1.6990697885322965
2.86,2.860000000000002,1.8211920254849767
2.88,2.880000000000002,1.9393902624376569
2.9,2.900000000000002,2.053664499390337
2.92,2.920000000000002,2.164014736343017
2.94,2.940000000000002,2.270440973295697
2.96,2.960000000000002,2.372943210248377
2.98,2.980000000000002,2.4715214472010576
3.0,3.000000000000002,2.566175684153738
3.02,3.0200000000000022,2.6569059211064183
3.04,3.0400000000000023,2.7437121580590986
3.06,3.0600000000000023,2.826594395011779
3.08,3.0800000000000023,2.905552631964459
3.1,3.1000000000000023,2.9805868689171393
3.12,3.1200000000000023,3.0516971058698195
3.14,3.1400000000000023,3.1188833428224996
3.16,3.1600000000000024,3.1821455797751796
3.18,3.1800000000000024,3.2414838167278597
3.2,3.2000000000000024,3.2968980536805397
3.22,3.2200000000000024,3.3483882906332196
3.24,3.2400000000000024,3.3959545275858996
3.2600000000000002,3.2600000000000025,3.43959676453858
3.2800000000000002,3.2800000000000025,3.47931500149126
3.3000000000000003,3.3000000000000025,3.5151092384439404
3.3200000000000003,3.3200000000000025,3.5469794753966206
3.3400000000000003,3.3400000000000025,3.574925712349301
3.3600000000000003,3.3600000000000025,3.598947949301981
3.3800000000000003,3.3800000000000026,3.619046186254661
3.4000000000000004,3.4000000000000026,3.635220423207341
3.42,3.4200000000000026,3.647470660160021
3.44,3.4400000000000026,3.655796897112701
3.46,3.4600000000000026,3.660199134065381
3.48,3.4800000000000026,3.6606773710180613
3.5,3.5000000000000027,3.6572316079707416
3.52,3.5200000000000027,3.649861844923422
3.54,3.5400000000000027,3.638568081876102
3.56,3.5600000000000027,3.6233503188287823
3.58,3.5800000000000027,3.6042085557814625
3.6,3.6000000000000028,3.5811427927341426
3.62,3.6200000000000028,3.5541530296868227
3.64,3.640000000000003,3.5232392666395027
3.66,3.660000000000003,3.4884015035921827
3.68,3.680000000000003,3.4496397405448627
3.7,3.700000000000003,3.406953977497543
3.72,3.720000000000003,3.3603442144502234
3.74,3.740000000000003,3.3098104514029036
3.7600000000000002,3.760000000000003,3.255352688355584
3.7800000000000002,3.780000000000003,3.196970925308264
3.8000000000000003,3.800000000000003,3.1346651622609443
3.82,3.820000000000003,3.0684353992136244
3.84,3.840000000000003,2.9982816361663045
3.86,3.860000000000003,2.9242038731189846
3.88,3.880000000000003,2.8462021100716646
3.9,3.900000000000003,2.7642763470243445
3.92,3.920000000000003,2.6784265839770245
3.94,3.940000000000003,2.588652820929705
3.96,3.960000000000003,2.494955057882385
3.98,3.980000000000003,2.3973332948350654
4.0,4.000000000000003,2.2957875317877456
4.02,4.020000000000002,2.190317768740426
4.04,4.040000000000002,2.080924005693106
4.06,4.060000000000001,1.967606242645786
4.08,4.080000000000001,1.8503644795984662
4.1,4.1000000000000005,1.7291987165511462
4.12,4.12,1.6041089535038262
4.14,4.14,1.4750951904565064
4.16,4.159999999999999,1.3421574274091865
4.18,4.179999999999999,1.2052956643618666
4.2,4.199999999999998,1.0645099013145467
4.22,4.219999999999998,0.9226817525270543
4.24,4.2399999999999975,0.8121063641670767
4.26,4.259999999999997,0.773280114186828
4.28,4.279999999999997,0.8180306448182517
4.3,4.299999999999996,0.9261075985046567
4.32,4.319999999999996,1.0541177032224827
4.34,4.339999999999995,1.1775374022067067
4.36,4.359999999999995,1.2970331011909306
4.38,4.379999999999995,1.4126048001751548
4.4,4.399999999999994,1.5242524991593789
4.42,4.419999999999994,1.631976198143603
4.4399999999999995,4.439999999999993,1.735775897127827
4.46,4.459999999999993,1.835651596112051
4.4799999999999995,4.479999999999992,1.931603295096275
4.5,4.499999999999992,2.023630994080499
4.52,4.519999999999992,2.111734693064723
4.54,4.539999999999991,2.1959143920489472
4.56,4.559999999999991,2.2761700910331712
4.58,4.57999999999999,2.3525017900173952
4.6,4.59999999999999,2.424909489001619
4.619999999999999,4.6199999999999894,2.493393187985843
4.639999999999999,4.639999999999989,2.557952886970067
4.659999999999999,4.659999999999989,2.618588585954291
4.679999999999999,4.679999999999988,2.6753002849385146
4.699999999999999,4.699999999999988,2.7280879839227388
4.719999999999999,4.719999999999987,2.776951682906963
4.739999999999999,4.739999999999987,2.821891381891187
4.759999999999999,4.7599999999999865,2.862907080875411
4.779999999999999,4.779999999999986,2.899998779859635
4.799999999999999,4.799999999999986,2.933166478843859
4.819999999999999,4.819999999999985,2.962410177828083
4.839999999999999,4.839999999999985,2.987729876812307
4.859999999999999,4.859999999999984,3.009125575796531
4.879999999999999,4.879999999999984,3.026597274780755
4.8999999999999995,4.8999999999999835,3.0401449737649786
4.919999999999999,4.919999999999983,3.0497686727492024
4.9399999999999995,4.939999999999983,3.0554683717334266
4.959999999999999,4.959999999999982,3.0572440707176507
4.9799999999999995,4.979999999999982,3.055095769701875
4.999999999999999,4.999999999999981,3.049023468686099
