t,x,y
0.0,0.0,5.0
0.2,0.19999999999999998,4.8038
0.4,0.4000000000000001,4.215199999999999
0.6,0.6000000000000002,3.2342
0.8,0.8000000000000004,1.8607999999999993
1.0,1.0000000000000004,0.9607830097667804
1.2,1.2000000000000006,2.372148278324866
1.4,1.4000000000000008,3.391113546882951
1.6,1.600000000000001,4.0176788154410366
1.8,1.8000000000000012,4.251844083999121
2.0,2.0000000000000013,4.0936093525572055
2.2,2.2000000000000015,3.5429746211152895
2.4,2.4000000000000017,2.599939889673373
2.6,2.600000000000002,1.2645051582314577
2.8,2.800000000000002,1.443053314626936
3.0,3.000000000000002,2.566175684153738
3.2,3.2000000000000024,3.2968980536805397
3.4,3.4000000000000026,3.635220423207341
3.6,3.6000000000000028,3.5811427927341426
3.8,3.800000000000003,3.1346651622609443
4.0,4.000000000000003,2.2957875317877456
4.2,4.199999999999998,1.0645099013145467
4.4,4.399999999999994,1.5242524991593789
4.6,4.59999999999999,2.424909489001619
4.8,4.799999999999986,2.933166478843859
5.0,4.999999999999981,3.049023468686099
