t,x,y
0.0,0.0,5.0
0.01,0.01,4.9995095
0.02,0.02,4.998038
0.03,0.03,4.9955855
0.04,0.04,4.992152
0.05,0.05,4.9877375
0.06,0.060000000000000005,4.982342
0.07,0.07,4.9759655
0.08,0.08,4.968608
0.09,0.09,4.9602695
0.1,0.09999999999999999,4.95095
0.11,0.10999999999999999,4.9406495
0.12,0.11999999999999998,4.929368
0.13,0.12999999999999998,4.9171055
0.14,0.13999999999999999,4.903862
0.15,0.15,4.8896375
0.16,0.16,4.874432
0.17,0.17,4.8582455
0.18,0.18000000000000002,4.8410779999999995
0.19,0.19000000000000003,4.8229295
0.2,0.20000000000000004,4.8038
0.21000000000000002,0.21000000000000005,4.7836894999999995
0.22000000000000003,0.22000000000000006,4.762598
0.23,0.23000000000000007,4.7405254999999995
0.24000000000000002,0.24000000000000007,4.717472
0.25,0.25000000000000006,4.6934375
0.26,0.26000000000000006,4.668422
0.27,0.2700000000000001,4.6424255
0.28,0.2800000000000001,4.615448
0.29000000000000004,0.2900000000000001,4.587489499999999
0.30000000000000004,0.3000000000000001,4.558549999999999
0.31,0.3100000000000001,4.528629499999999
0.32,0.3200000000000001,4.4977279999999995
0.33,0.3300000000000001,4.4658454999999995
0.34,0.34000000000000014,4.432981999999999
0.35,0.35000000000000014,4.399137499999999
0.36,0.36000000000000015,4.364311999999999
0.37,0.37000000000000016,4.3285054999999995
0.38,0.38000000000000017,4.2917179999999995
0.39,0.3900000000000002,4.253949499999999
0.4,0.4000000000000002,4.215199999999999
0.41000000000000003,0.4100000000000002,4.175469499999999
0.42000000000000004,0.4200000000000002,4.134758
0.43000000000000005,0.4300000000000002,4.0930655
0.44000000000000006,0.4400000000000002,4.0503919999999995
0.45,0.45000000000000023,4.0067375
0.46,0.46000000000000024,3.962102
0.47000000000000003,0.47000000000000025,3.9164855
0.48000000000000004,0.48000000000000026,3.869888
0.49000000000000005,0.49000000000000027,3.8223095
0.5,0.5000000000000002,3.7737499999999997
0.51,0.5100000000000002,3.7242094999999997
0.52,0.5200000000000002,3.673688
0.53,0.5300000000000002,3.6221855
0.54,0.5400000000000003,3.569702
0.55,0.5500000000000003,3.5162375
0.56,0.5600000000000003,3.461792
0.57,0.5700000000000003,3.4063655
0.58,0.5800000000000003,3.349958
0.59,0.5900000000000003,3.2925695
0.6,0.6000000000000003,3.2342
0.61,0.6100000000000003,3.1748495
0.62,0.6200000000000003,3.1145180000000003
0.63,0.6300000000000003,3.0532055000000002
0.64,0.6400000000000003,2.9909120000000002
0.65,0.6500000000000004,2.9276375000000003
0.66,0.6600000000000004,2.8633820000000005
0.67,0.6700000000000004,2.7981455000000004
0.68,0.6800000000000004,2.7319280000000004
0.69,0.6900000000000004,2.6647295000000004
0.7,0.7000000000000004,2.5965500000000006
0.71,0.7100000000000004,2.527389500000001
0.72,0.7200000000000004,2.4572480000000008
0.73,0.7300000000000004,2.386125500000001
0.74,0.7400000000000004,2.314022000000001
0.75,0.7500000000000004,2.240937500000001
0.76,0.7600000000000005,2.1668720000000015
0.77,0.7700000000000005,2.0918255000000014
0.78,0.7800000000000005,2.0157980000000015
0.7899999999999999,0.7900000000000005,1.9387895000000017
0.7999999999999999,0.8000000000000005,1.8608000000000018
0.81,0.8100000000000005,1.781829500000002
0.82,0.8200000000000005,1.701878000000002
0.83,0.8300000000000005,1.6209455000000021
0.84,0.8400000000000005,1.5390320000000024
0.85,0.8500000000000005,1.4561375000000025
0.86,0.8600000000000005,1.3722620000000028
0.87,0.8700000000000006,1.2874055000000029
0.88,0.8800000000000006,1.201568000000003
0.89,0.8900000000000006,1.1147495000000032
0.9,0.9000000000000006,1.0269500000000034
0.91,0.9100000000000006,0.9393327989833367
0.92,0.9200000000000006,0.8584447659756681
0.93,0.9300000000000006,0.7920920138766867
0.94,0.9400000000000006,0.7465003531653779
0.95,0.9500000000000006,0.7257342089886014
0.96,0.9600000000000006,0.7313404353537258
0.97,0.9700000000000006,0.7622463287988773
0.98,0.9800000000000006,0.8149168184432212
0.99,0.9900000000000007,0.8837502679519571
1.0,1.0000000000000007,0.9616693082452761
